%Q4
a0 = 8;
a1 = (120-8)/3;
a12 = (300-120)/4;
a13 = (600-300)/4;
a2 = (a12-a1)/7;
a23 = (a13-a12)/8;
a3 = (a23-a2)/11
y = a0+a1*5+a2*5*2+a3*5*2*-2;