A = [9.81E-25	9.806382E-28;
-4.90E-02	0.0000009568115;
-9.81E-02	0.000001866371;
-1.47E-01	0.000002728541;
-1.96E-01	0.000003543184;
-2.46E-01	0.000004310162;
-2.95E-01	0.000005029337;
-3.44E-01	0.000005700568;
-3.94E-01	0.000006323716;
-4.43E-01	0.00000689864;
-4.93E-01	0.000007425197;
-5.42E-01	0.000007903247;
-5.92E-01	0.000008332645;
-6.41E-01	0.000008713249;
-6.91E-01	0.000009044913;
-7.41E-01	0.000009327493;
-7.90E-01	0.000009560843;
-8.40E-01	0.000009744817;
-8.90E-01	0.000009879266;
-9.40E-01	0.000009964044;
-9.90E-01	0.000009999001;
-1.04E+00	0.00001;
-1.09E+00	0.00001;
-1.14E+00	0.00001;
-1.19E+00	0.00001;
-1.24E+00	0.00001;
-1.29E+00	0.00001;
-1.34E+00	0.00001;
-1.39E+00	0.00001;
-1.44E+00	0.00001;
-1.49E+00	0.00001;
-1.54E+00	0.00001;
-1.59E+00	0.00001;
-1.64E+00	0.00001;
-1.69E+00	0.00001;
-1.74E+00	0.00001;
-1.79E+00	0.00001;
-1.84E+00	0.00001;
-1.89E+00	0.00001;
-1.94E+00	0.00001;
-1.99E+00	0.00001;
-2.04E+00	0.00001;
-2.09E+00	0.00001;
-2.14E+00	0.00001;
-2.19E+00	0.00001;
-2.24E+00	0.00001;
-2.29E+00	0.00001;
-2.34E+00	0.00001;
-2.39E+00	0.00001;
-2.44E+00	0.00001;
-2.49E+00	0.00001;
-2.54E+00	0.00001;
-2.59E+00	0.00001;
-2.64E+00	0.00001;
-2.69E+00	0.00001;
-2.74E+00	0.00001;
-2.79E+00	0.00001;
-2.84E+00	0.00001;
-2.89E+00	0.00001;
-2.94E+00	0.00001;
-2.99E+00	0.00001;
-3.04E+00	0.00001;
-3.09E+00	0.00001;
-3.14E+00	0.00001;
-3.19E+00	0.00001;
-3.24E+00	0.00001;
-3.29E+00	0.00001;
-3.34E+00	0.00001;
-3.39E+00	0.00001;
-3.44E+00	0.00001;
-3.49E+00	0.00001;
-3.54E+00	0.00001;
-3.59E+00	0.00001;
-3.64E+00	0.00001;
-3.69E+00	0.00001;
-3.74E+00	0.00001;
-3.79E+00	0.00001;
-3.84E+00	0.00001;
-3.89E+00	0.00001;
-3.94E+00	0.00001;
-3.99E+00	0.00001;
-4.04E+00	0.00001;
-4.09E+00	0.00001;
-4.14E+00	0.00001;
-4.19E+00	0.00001;
-4.24E+00	0.00001;
-4.29E+00	0.00001;
-4.34E+00	0.00001;
-4.39E+00	0.00001;
-4.44E+00	0.00001;
-4.49E+00	0.00001;
-4.54E+00	0.00001;
-4.59E+00	0.00001;
-4.64E+00	0.00001;
-4.69E+00	0.00001;
-4.74E+00	0.00001;
-4.79E+00	0.00001;
-4.84E+00	0.00001;
-4.89E+00	0.00001;
-4.94E+00	0.00001;
-4.99E+00	0.00001000001;];


B = [9.62E-25	9.618035E-28;
-4.81E-02	0.000001900832;
-9.62E-02	0.00000375709;
-1.44E-01	0.00000556865;
-1.93E-01	0.000007335388;
-2.41E-01	0.000009057179;
-2.89E-01	0.0000107339;
-3.38E-01	0.00001236541;
-3.86E-01	0.0000139516;
-4.35E-01	0.00001549234;
-4.83E-01	0.00001698749;
-5.32E-01	0.00001843693;
-5.80E-01	0.00001984053;
-6.29E-01	0.00002119816;
-6.77E-01	0.00002250968;
-7.26E-01	0.00002377497;
-7.75E-01	0.0000249939;
-8.24E-01	0.00002616633;
-8.73E-01	0.00002729213;
-9.22E-01	0.00002837116;
-9.71E-01	0.00002940329;
-1.02E+00	0.00003038839;
-1.07E+00	0.00003132631;
-1.12E+00	0.00003221693;
-1.17E+00	0.00003306011;
-1.22E+00	0.0000338557;
-1.27E+00	0.00003460358;
-1.31E+00	0.00003530359;
-1.36E+00	0.00003595561;
-1.41E+00	0.00003655948;
-1.46E+00	0.00003711508;
-1.51E+00	0.00003762225;
-1.56E+00	0.00003808085;
-1.61E+00	0.00003849075;
-1.66E+00	0.0000388518;
-1.71E+00	0.00003916384;
-1.76E+00	0.00003942675;
-1.81E+00	0.00003964037;
-1.86E+00	0.00003980455;
-1.91E+00	0.00003991915;
-1.96E+00	0.00003998401;
-2.01E+00	0.00004;
-2.06E+00	0.00004;
-2.11E+00	0.00004;
-2.16E+00	0.00004;
-2.21E+00	0.00004;
-2.26E+00	0.00004;
-2.31E+00	0.00004;
-2.36E+00	0.00004;
-2.41E+00	0.00004;
-2.46E+00	0.00004;
-2.51E+00	0.00004;
-2.56E+00	0.00004;
-2.61E+00	0.00004;
-2.66E+00	0.00004;
-2.71E+00	0.00004;
-2.76E+00	0.00004;
-2.81E+00	0.00004;
-2.86E+00	0.00004;
-2.91E+00	0.00004;
-2.96E+00	0.00004;
-3.01E+00	0.00004;
-3.06E+00	0.00004;
-3.11E+00	0.00004;
-3.16E+00	0.00004;
-3.21E+00	0.00004;
-3.26E+00	0.00004;
-3.31E+00	0.00004;
-3.36E+00	0.00004;
-3.41E+00	0.00004;
-3.46E+00	0.00004;
-3.51E+00	0.00004;
-3.56E+00	0.00004;
-3.61E+00	0.00004;
-3.66E+00	0.00004;
-3.71E+00	0.00004;
-3.76E+00	0.00004;
-3.81E+00	0.00004;
-3.86E+00	0.00004;
-3.91E+00	0.00004;
-3.96E+00	0.00004;
-4.01E+00	0.00004;
-4.06E+00	0.00004;
-4.11E+00	0.00004;
-4.16E+00	0.00004;
-4.21E+00	0.00004;
-4.26E+00	0.00004;
-4.31E+00	0.00004;
-4.36E+00	0.00004;
-4.41E+00	0.00004;
-4.46E+00	0.00004;
-4.51E+00	0.00004;
-4.56E+00	0.00004;
-4.61E+00	0.00004;
-4.66E+00	0.00004;
-4.71E+00	0.00004;
-4.76E+00	0.00004;
-4.81E+00	0.00004;
-4.86E+00	0.00004;
-4.91E+00	0.00004;
-4.96E+00	0.00004;];



C = [9.44E-25	9.437493E-28;
-4.72E-02	0.00000280918;
-9.44E-02	0.000005576266;
-1.42E-01	0.000008301146;
-1.89E-01	0.00001098371;
-2.36E-01	0.00001362383;
-2.84E-01	0.00001622141;
-3.31E-01	0.00001877633;
-3.79E-01	0.00002128847;
-4.26E-01	0.00002375771;
-4.74E-01	0.00002618395;
-5.21E-01	0.00002856705;
-5.69E-01	0.00003090692;
-6.17E-01	0.00003320342;
-6.65E-01	0.00003545643;
-7.12E-01	0.00003766585;
-7.60E-01	0.00003983155;
-8.08E-01	0.0000419534;
-8.56E-01	0.0000440313;
-9.04E-01	0.00004606511;
-9.52E-01	0.00004805472;
-1.00E+00	0.00005;
-1.05E+00	0.00005190083;
-1.10E+00	0.00005375709;
-1.14E+00	0.00005556865;
-1.19E+00	0.00005733539;
-1.24E+00	0.00005905718;
-1.29E+00	0.0000607339;
-1.34E+00	0.00006236541;
-1.39E+00	0.0000639516;
-1.43E+00	0.00006549234;
-1.48E+00	0.00006698749;
-1.53E+00	0.00006843693;
-1.58E+00	0.00006984053;
-1.63E+00	0.00007119816;
-1.68E+00	0.00007250968;
-1.73E+00	0.00007377497;
-1.78E+00	0.0000749939;
-1.82E+00	0.00007616633;
-1.87E+00	0.00007729213;
-1.92E+00	0.00007837116;
-1.97E+00	0.00007940329;
-2.02E+00	0.00008038839;
-2.07E+00	0.00008132632;
-2.12E+00	0.00008221693;
-2.17E+00	0.00008306011;
-2.22E+00	0.0000838557;
-2.27E+00	0.00008460358;
-2.31E+00	0.00008530359;
-2.36E+00	0.00008595561;
-2.41E+00	0.00008655948;
-2.46E+00	0.00008711508;
-2.51E+00	0.00008762225;
-2.56E+00	0.00008808085;
-2.61E+00	0.00008849075;
-2.66E+00	0.0000888518;
-2.71E+00	0.00008916385;
-2.76E+00	0.00008942675;
-2.81E+00	0.00008964037;
-2.86E+00	0.00008980455;
-2.91E+00	0.00008991915;
-2.96E+00	0.00008998402;
-3.01E+00	0.00009;
-3.06E+00	0.00009;
-3.11E+00	0.00009;
-3.16E+00	0.00009;
-3.21E+00	0.00009;
-3.26E+00	0.00009;
-3.31E+00	0.00009;
-3.36E+00	0.00009;
-3.41E+00	0.00009;
-3.46E+00	0.00009;
-3.51E+00	0.00009;
-3.56E+00	0.00009;
-3.61E+00	0.00009;
-3.66E+00	0.00009;
-3.71E+00	0.00009;
-3.76E+00	0.00009;
-3.81E+00	0.00009;
-3.86E+00	0.00009;
-3.91E+00	0.00009;
-3.96E+00	0.00009;
-4.01E+00	0.00009;
-4.06E+00	0.00009;
-4.11E+00	0.00009;
-4.16E+00	0.00009;
-4.21E+00	0.00009;
-4.26E+00	0.00009;
-4.31E+00	0.00009;
-4.36E+00	0.00009;
-4.41E+00	0.00009;
-4.46E+00	0.00009;
-4.51E+00	0.00009;
-4.56E+00	0.00009;
-4.61E+00	0.00009;
-4.66E+00	0.00009;
-4.71E+00	0.00009;
-4.76E+00	0.00009;
-4.81E+00	0.00009;
-4.86E+00	0.00009;
-4.91E+00	0.00009;];


