A = [0.000000e+00	1.010000e-12;	
5.000000e-02	2.500101e-08;	
1.000000e-01	1.000010e-07;	
1.500000e-01	2.250010e-07;	
2.000000e-01	4.000010e-07;	
2.500000e-01	6.250010e-07;
3.000000e-01	9.000010e-07;	
3.500000e-01	1.225001e-06;	
4.000000e-01	1.600001e-06;	
4.500000e-01	2.025001e-06;	
5.000000e-01	2.500001e-06;	
5.500000e-01	3.025001e-06;	
6.000000e-01	3.600001e-06;	
6.500000e-01	4.225001e-06;	
7.000000e-01	4.900001e-06;	
7.500000e-01	5.625001e-06;	
8.000000e-01	6.400001e-06;	
8.500000e-01	7.225001e-06;	
9.000000e-01	8.100001e-06;	
9.500000e-01	9.025001e-06;	
1.000000e+00	9.999001e-06;	
1.050000e+00	1.098781e-05;	
1.100000e+00	1.197462e-05;
1.150000e+00	1.295944e-05;	
1.200000e+00	1.394229e-05;	
1.250000e+00	1.492316e-05;	
1.300000e+00	1.590206e-05;	
1.350000e+00	1.687900e-05;	
1.400000e+00	1.785398e-05;	
1.450000e+00	1.882701e-05;	
1.500000e+00	1.979810e-05;	
1.550000e+00	2.076725e-05;	
1.600000e+00	2.173446e-05;	
1.650000e+00	2.269975e-05;	
1.700000e+00	2.366312e-05;	
1.750000e+00	2.462457e-05;	
1.800000e+00	2.558411e-05;	
1.850000e+00	2.654175e-05;	
1.900000e+00	2.749749e-05;	
1.950000e+00	2.845133e-05;	
2.000000e+00	2.940329e-05;	
2.050000e+00	3.035337e-05;	
2.100000e+00	3.130157e-05;	
2.150000e+00	3.224790e-05;	
2.200000e+00	3.319237e-05;	
2.250000e+00	3.413497e-05;	
2.300000e+00	3.507573e-05;	
2.350000e+00	3.601464e-05;	
2.400000e+00	3.695170e-05;	
2.450000e+00	3.788693e-05;	
2.500000e+00	3.882032e-05;	
2.550000e+00	3.975189e-05;	
2.600000e+00	4.068164e-05;	
2.650000e+00	4.160957e-05;	
2.700000e+00	4.253569e-05;	
2.750000e+00	4.346001e-05;	
2.800000e+00	4.438253e-05;	
2.850000e+00	4.530326e-05;	
2.900000e+00	4.622219e-05;	
2.950000e+00	4.713935e-05;	
3.000000e+00	4.805472e-05;	
3.050000e+00	4.896832e-05;	
3.100000e+00	4.988015e-05;	
3.150000e+00	5.079022e-05;	
3.200000e+00	5.169854e-05;	
3.250000e+00	5.260510e-05;	
3.300000e+00	5.350991e-05;	
3.350000e+00	5.441298e-05;	
3.400000e+00	5.531432e-05;	
3.450000e+00	5.621392e-05;	
3.500000e+00	5.711179e-05;	
3.550000e+00	5.800795e-05;	
3.600000e+00	5.890238e-05;	
3.650000e+00	5.979511e-05;	
3.700000e+00	6.068612e-05;	
3.750000e+00	6.157544e-05;	
3.800000e+00	6.246305e-05;	
3.850000e+00	6.334898e-05;	
3.900000e+00	6.423322e-05;	
3.950000e+00	6.511577e-05;	
4.000000e+00	6.599665e-05;	
4.050000e+00	6.687585e-05;	
4.100000e+00	6.775339e-05;	
4.150000e+00	6.862926e-05;	
4.200000e+00	6.950347e-05;	
4.250000e+00	7.037603e-05;	
4.300000e+00	7.124694e-05;	
4.350000e+00	7.211621e-05;	
4.400000e+00	7.298383e-05;	
4.450000e+00	7.384983e-05;	
4.500000e+00	7.471419e-05;	
4.550000e+00	7.557692e-05;
4.600000e+00	7.643803e-05;
4.650000e+00	7.729753e-05;
4.700000e+00	7.815542e-05;
4.750000e+00	7.901170e-05;
4.800000e+00	7.986637e-05;
4.850000e+00	8.071945e-05;
4.900000e+00	8.157093e-05;
4.950000e+00	8.242082e-05;
5.000000e+00	8.326913e-05];

B = [0.000000e+00	2.010000e-12;	
5.000000e-02	2.500201e-08;	
1.000000e-01	1.000020e-07;	
1.500000e-01	2.250020e-07;	
2.000000e-01	4.000020e-07;	
2.500000e-01	6.250020e-07;	
3.000000e-01	9.000020e-07;	
3.500000e-01	1.225002e-06;	
4.000000e-01	1.600002e-06;	
4.500000e-01	2.025002e-06;	
5.000000e-01	2.500002e-06;	
5.500000e-01	3.025002e-06;	
6.000000e-01	3.600002e-06;	
6.500000e-01	4.225002e-06;	
7.000000e-01	4.900002e-06;	
7.500000e-01	5.625002e-06;	
8.000000e-01	6.400002e-06;	
8.500000e-01	7.225002e-06;	
9.000000e-01	8.100002e-06;	
9.500000e-01	9.025002e-06;	
1.000000e+00	1.000000e-05;	
1.050000e+00	1.102500e-05;	
1.100000e+00	1.210000e-05;	
1.150000e+00	1.322500e-05;	
1.200000e+00	1.440000e-05;	
1.250000e+00	1.562500e-05;	
1.300000e+00	1.690000e-05;	
1.350000e+00	1.822500e-05;	
1.400000e+00	1.960000e-05;	
1.450000e+00	2.102500e-05;	
1.500000e+00	2.250000e-05;	
1.550000e+00	2.402500e-05;	
1.600000e+00	2.560000e-05;	
1.650000e+00	2.722500e-05;	
1.700000e+00	2.890000e-05;	
1.750000e+00	3.062500e-05;	
1.800000e+00	3.240000e-05;	
1.850000e+00	3.422500e-05;	
1.900000e+00	3.610000e-05;	
1.950000e+00	3.802500e-05;	
2.000000e+00	3.998401e-05;	
2.050000e+00	4.194047e-05;	
2.100000e+00	4.389295e-05;	
2.150000e+00	4.584146e-05;	
2.200000e+00	4.778602e-05;	
2.250000e+00	4.972664e-05;	
2.300000e+00	5.166333e-05;	
2.350000e+00	5.359610e-05;	
2.400000e+00	5.552497e-05;	
2.450000e+00	5.744995e-05;	
2.500000e+00	5.937104e-05;	
2.550000e+00	6.128827e-05;	
2.600000e+00	6.320164e-05;	
2.650000e+00	6.511116e-05;	
2.700000e+00	6.701685e-05;	
2.750000e+00	6.891872e-05;	
2.800000e+00	7.081678e-05;	
2.850000e+00	7.271105e-05;	
2.900000e+00	7.460152e-05;	
2.950000e+00	7.648822e-05;	
3.000000e+00	7.837116e-05;	
3.050000e+00	8.025034e-05;	
3.100000e+00	8.212579e-05;	
3.150000e+00	8.399750e-05;	
3.200000e+00	8.586550e-05;	
3.250000e+00	8.772979e-05;	
3.300000e+00	8.959039e-05;	
3.350000e+00	9.144730e-05;	
3.400000e+00	9.330054e-05;	
3.450000e+00	9.515011e-05;	
3.500000e+00	9.699604e-05;	
3.550000e+00	9.883832e-05;	
3.600000e+00	1.006770e-04;	
3.650000e+00	1.025120e-04;	
3.700000e+00	1.043434e-04;	
3.750000e+00	1.061713e-04;	
3.800000e+00	1.079955e-04;	
3.850000e+00	1.098162e-04;	
3.900000e+00	1.116333e-04;	
3.950000e+00	1.134469e-04;	
4.000000e+00	1.152569e-04;	
4.050000e+00	1.170634e-04;	
4.100000e+00	1.188663e-04;	
4.150000e+00	1.206658e-04;	
4.200000e+00	1.224617e-04;	
4.250000e+00	1.242542e-04;	
4.300000e+00	1.260431e-04;	
4.350000e+00	1.278287e-04;	
4.400000e+00	1.296107e-04;	
4.450000e+00	1.313893e-04;	
4.500000e+00	1.331645e-04;	
4.550000e+00	1.349362e-04;	
4.600000e+00	1.367045e-04;	
4.650000e+00	1.384694e-04;	
4.700000e+00	1.402309e-04;	
4.750000e+00	1.419890e-04;	
4.800000e+00	1.437437e-04;	
4.850000e+00	1.454951e-04;	
4.900000e+00	1.472431e-04;	
4.950000e+00	1.489878e-04;	
5.000000e+00	1.507291e-04];

